961	 120
3.691786e-03
1.175133e-02
2.237224e-02
3.244221e-02
4.102877e-02
4.781323e-02
5.250783e-02
5.490752e-02
5.490752e-02
5.250783e-02
4.781323e-02
4.102901e-02
3.245162e-02
2.245591e-02
1.147880e-02
1.117128e-17
-1.147880e-02
-2.245591e-02
-3.245162e-02
-4.102901e-02
-4.781323e-02
-5.250783e-02
-5.490752e-02
-5.490752e-02
-5.250783e-02
-4.781323e-02
-4.102877e-02
-3.244221e-02
-2.237224e-02
-1.175133e-02
-3.691786e-03
5.031519e-03
1.562270e-02
2.980849e-02
4.328490e-02
5.474625e-02
6.379913e-02
7.006333e-02
7.326534e-02
7.326534e-02
7.006333e-02
6.379914e-02
5.474667e-02
4.330152e-02
2.996383e-02
1.531664e-02
-1.292648e-17
-1.531664e-02
-2.996383e-02
-4.330152e-02
-5.474667e-02
-6.379914e-02
-7.006333e-02
-7.326534e-02
-7.326534e-02
-7.006333e-02
-6.379913e-02
-5.474625e-02
-4.328490e-02
-2.980849e-02
-1.562270e-02
-5.031519e-03
5.197514e-03
1.623456e-02
3.095937e-02
4.494121e-02
5.683987e-02
6.623893e-02
7.274268e-02
7.606714e-02
7.606714e-02
7.274268e-02
6.623893e-02
5.684028e-02
4.495745e-02
3.110970e-02
1.590237e-02
-3.520663e-18
-1.590237e-02
-3.110970e-02
-4.495745e-02
-5.684028e-02
-6.623893e-02
-7.274268e-02
-7.606714e-02
-7.606714e-02
-7.274268e-02
-6.623893e-02
-5.683987e-02
-4.494121e-02
-3.095937e-02
-1.623456e-02
-5.197514e-03
4.701280e-03
1.472421e-02
2.807235e-02
4.074428e-02
5.153125e-02
6.005245e-02
6.594877e-02
6.896274e-02
6.896274e-02
6.594877e-02
6.005246e-02
5.153161e-02
4.075858e-02
2.820417e-02
1.441715e-02
-9.761012e-19
-1.441715e-02
-2.820417e-02
-4.075858e-02
-5.153161e-02
-6.005246e-02
-6.594877e-02
-6.896274e-02
-6.896274e-02
-6.594877e-02
-6.005245e-02
-5.153125e-02
-4.074428e-02
-2.807235e-02
-1.472421e-02
-4.701280e-03
3.892969e-03
1.219449e-02
2.324903e-02
3.374341e-02
4.267688e-02
4.973393e-02
5.461711e-02
5.711320e-02
5.711320e-02
5.461711e-02
4.973393e-02
4.267718e-02
3.375523e-02
2.335798e-02
1.193992e-02
2.200152e-18
-1.193992e-02
-2.335798e-02
-3.375523e-02
-4.267718e-02
-4.973393e-02
-5.461711e-02
-5.711320e-02
-5.711320e-02
-5.461711e-02
-4.973393e-02
-4.267688e-02
-3.374341e-02
-2.324903e-02
-1.219449e-02
-3.892969e-03
2.909040e-03
9.112424e-03
1.737300e-02
2.521499e-02
3.189059e-02
3.716402e-02
4.081301e-02
4.267823e-02
4.267823e-02
4.081301e-02
3.716402e-02
3.189081e-02
2.522383e-02
1.745441e-02
8.922186e-03
-1.420020e-18
-8.922186e-03
-1.745441e-02
-2.522383e-02
-3.189081e-02
-3.716402e-02
-4.081301e-02
-4.267823e-02
-4.267823e-02
-4.081301e-02
-3.716402e-02
-3.189059e-02
-2.521499e-02
-1.737300e-02
-9.112424e-03
-2.909040e-03
1.797886e-03
5.631790e-03
1.073711e-02
1.558373e-02
1.970948e-02
2.296864e-02
2.522384e-02
2.637661e-02
2.637661e-02
2.522384e-02
2.296864e-02
1.970962e-02
1.558919e-02
1.078743e-02
5.514217e-03
7.596661e-20
-5.514217e-03
-1.078743e-02
-1.558919e-02
-1.970962e-02
-2.296864e-02
-2.522384e-02
-2.637661e-02
-2.637661e-02
-2.522384e-02
-2.296864e-02
-1.970948e-02
-1.558373e-02
-1.073711e-02
-5.631790e-03
-1.797886e-03
6.081542e-04
1.905013e-03
3.631940e-03
5.271362e-03
6.666939e-03
7.769385e-03
8.532231e-03
8.922168e-03
8.922168e-03
8.532231e-03
7.769385e-03
6.666986e-03
5.273209e-03
3.648961e-03
1.865242e-03
3.806253e-20
-1.865242e-03
-3.648961e-03
-5.273209e-03
-6.666986e-03
-7.769385e-03
-8.532231e-03
-8.922168e-03
-8.922168e-03
-8.532231e-03
-7.769385e-03
-6.666939e-03
-5.271362e-03
-3.631940e-03
-1.905013e-03
-6.081542e-04
-6.081542e-04
-1.905013e-03
-3.631940e-03
-5.271362e-03
-6.666939e-03
-7.769385e-03
-8.532231e-03
-8.922168e-03
-8.922168e-03
-8.532231e-03
-7.769385e-03
-6.666986e-03
-5.273209e-03
-3.648961e-03
-1.865242e-03
-5.211168e-19
1.865242e-03
3.648961e-03
5.273209e-03
6.666986e-03
7.769385e-03
8.532231e-03
8.922168e-03
8.922168e-03
8.532231e-03
7.769385e-03
6.666939e-03
5.271362e-03
3.631940e-03
1.905013e-03
6.081542e-04
-1.797886e-03
-5.631790e-03
-1.073711e-02
-1.558373e-02
-1.970948e-02
-2.296864e-02
-2.522384e-02
-2.637661e-02
-2.637661e-02
-2.522384e-02
-2.296864e-02
-1.970962e-02
-1.558919e-02
-1.078743e-02
-5.514217e-03
9.082551e-19
5.514217e-03
1.078743e-02
1.558919e-02
1.970962e-02
2.296864e-02
2.522384e-02
2.637661e-02
2.637661e-02
2.522384e-02
2.296864e-02
1.970948e-02
1.558373e-02
1.073711e-02
5.631790e-03
1.797886e-03
-2.909040e-03
-9.112425e-03
-1.737300e-02
-2.521500e-02
-3.189059e-02
-3.716402e-02
-4.081302e-02
-4.267824e-02
-4.267824e-02
-4.081302e-02
-3.716402e-02
-3.189082e-02
-2.522383e-02
-1.745442e-02
-8.922187e-03
-2.767763e-18
8.922187e-03
1.745442e-02
2.522383e-02
3.189082e-02
3.716402e-02
4.081302e-02
4.267824e-02
4.267824e-02
4.081302e-02
3.716402e-02
3.189059e-02
2.521500e-02
1.737300e-02
9.112425e-03
2.909040e-03
-3.893055e-03
-1.219480e-02
-2.324960e-02
-3.374424e-02
-4.267793e-02
-4.973515e-02
-5.461846e-02
-5.711461e-02
-5.711461e-02
-5.461846e-02
-4.973515e-02
-4.267823e-02
-3.375606e-02
-2.335856e-02
-1.194021e-02
-8.281484e-20
1.194021e-02
2.335856e-02
3.375606e-02
4.267823e-02
4.973515e-02
5.461846e-02
5.711461e-02
5.711461e-02
5.461846e-02
4.973515e-02
4.267793e-02
3.374424e-02
2.324960e-02
1.219480e-02
3.893055e-03
-4.706928e-03
-1.474422e-02
-2.811011e-02
-4.079873e-02
-5.160008e-02
-6.013267e-02
-6.603687e-02
-6.905486e-02
-6.905486e-02
-6.603687e-02
-6.013267e-02
-5.160044e-02
-4.081303e-02
-2.824185e-02
-1.443641e-02
-2.173262e-18
1.443641e-02
2.824185e-02
4.081303e-02
5.160044e-02
6.013267e-02
6.603687e-02
6.905486e-02
6.905486e-02
6.603687e-02
6.013267e-02
5.160008e-02
4.079873e-02
2.811011e-02
1.474422e-02
4.706928e-03
-5.315080e-03
-1.664923e-02
-3.174204e-02
-4.607008e-02
-5.826700e-02
-6.790204e-02
-7.456908e-02
-7.797701e-02
-7.797701e-02
-7.456908e-02
-6.790204e-02
-5.826741e-02
-4.608623e-02
-3.189080e-02
-1.630164e-02
8.509703e-18
1.630164e-02
3.189080e-02
4.608623e-02
5.826741e-02
6.790204e-02
7.456908e-02
7.797701e-02
7.797701e-02
7.456908e-02
6.790204e-02
5.826700e-02
4.607008e-02
3.174204e-02
1.664923e-02
5.315080e-03
-5.690940e-03
-1.782659e-02
-3.398671e-02
-4.932796e-02
-6.238740e-02
-7.270378e-02
-7.984229e-02
-8.349121e-02
-8.349121e-02
-7.984229e-02
-7.270378e-02
-6.238784e-02
-4.934525e-02
-3.414598e-02
-1.745443e-02
-2.648909e-18
1.745443e-02
3.414598e-02
4.934525e-02
6.238784e-02
7.270378e-02
7.984229e-02
8.349121e-02
8.349121e-02
7.984229e-02
7.270378e-02
6.238740e-02
4.932796e-02
3.398671e-02
1.782659e-02
5.690940e-03
-5.818082e-03
-1.822486e-02
-3.474601e-02
-5.043001e-02
-6.378121e-02
-7.432807e-02
-8.162606e-02
-8.535650e-02
-8.535650e-02
-8.162606e-02
-7.432807e-02
-6.378165e-02
-5.044768e-02
-3.490884e-02
-1.784438e-02
-2.604626e-20
1.784438e-02
3.490884e-02
5.044768e-02
6.378165e-02
7.432807e-02
8.162606e-02
8.535650e-02
8.535650e-02
8.162606e-02
7.432807e-02
6.378121e-02
5.043001e-02
3.474601e-02
1.822486e-02
5.818082e-03
-5.690940e-03
-1.782659e-02
-3.398671e-02
-4.932796e-02
-6.238740e-02
-7.270378e-02
-7.984229e-02
-8.349121e-02
-8.349121e-02
-7.984229e-02
-7.270378e-02
-6.238784e-02
-4.934525e-02
-3.414598e-02
-1.745443e-02
4.509901e-18
1.745443e-02
3.414598e-02
4.934525e-02
6.238784e-02
7.270378e-02
7.984229e-02
8.349121e-02
8.349121e-02
7.984229e-02
7.270378e-02
6.238740e-02
4.932796e-02
3.398671e-02
1.782659e-02
5.690940e-03
-5.315080e-03
-1.664923e-02
-3.174204e-02
-4.607008e-02
-5.826700e-02
-6.790204e-02
-7.456908e-02
-7.797701e-02
-7.797701e-02
-7.456908e-02
-6.790204e-02
-5.826741e-02
-4.608623e-02
-3.189080e-02
-1.630164e-02
-8.185960e-18
1.630164e-02
3.189080e-02
4.608623e-02
5.826741e-02
6.790204e-02
7.456908e-02
7.797701e-02
7.797701e-02
7.456908e-02
6.790204e-02
5.826700e-02
4.607008e-02
3.174204e-02
1.664923e-02
5.315080e-03
-4.706928e-03
-1.474422e-02
-2.811011e-02
-4.079873e-02
-5.160008e-02
-6.013267e-02
-6.603687e-02
-6.905486e-02
-6.905486e-02
-6.603687e-02
-6.013267e-02
-5.160044e-02
-4.081303e-02
-2.824185e-02
-1.443641e-02
-1.458685e-18
1.443641e-02
2.824185e-02
4.081303e-02
5.160044e-02
6.013267e-02
6.603687e-02
6.905486e-02
6.905486e-02
6.603687e-02
6.013267e-02
5.160008e-02
4.079873e-02
2.811011e-02
1.474422e-02
4.706928e-03
-3.893055e-03
-1.219480e-02
-2.324960e-02
-3.374424e-02
-4.267793e-02
-4.973515e-02
-5.461846e-02
-5.711461e-02
-5.711461e-02
-5.461846e-02
-4.973515e-02
-4.267823e-02
-3.375606e-02
-2.335856e-02
-1.194021e-02
1.185167e-18
1.194021e-02
2.335856e-02
3.375606e-02
4.267823e-02
4.973515e-02
5.461846e-02
5.711461e-02
5.711461e-02
5.461846e-02
4.973515e-02
4.267793e-02
3.374424e-02
2.324960e-02
1.219480e-02
3.893055e-03
-2.909040e-03
-9.112425e-03
-1.737300e-02
-2.521500e-02
-3.189059e-02
-3.716402e-02
-4.081302e-02
-4.267824e-02
-4.267824e-02
-4.081302e-02
-3.716402e-02
-3.189082e-02
-2.522383e-02
-1.745442e-02
-8.922187e-03
3.735794e-18
8.922187e-03
1.745442e-02
2.522383e-02
3.189082e-02
3.716402e-02
4.081302e-02
4.267824e-02
4.267824e-02
4.081302e-02
3.716402e-02
3.189059e-02
2.521500e-02
1.737300e-02
9.112425e-03
2.909040e-03
-1.797886e-03
-5.631790e-03
-1.073711e-02
-1.558373e-02
-1.970948e-02
-2.296864e-02
-2.522384e-02
-2.637661e-02
-2.637661e-02
-2.522384e-02
-2.296864e-02
-1.970962e-02
-1.558919e-02
-1.078743e-02
-5.514217e-03
2.589042e-19
5.514217e-03
1.078743e-02
1.558919e-02
1.970962e-02
2.296864e-02
2.522384e-02
2.637661e-02
2.637661e-02
2.522384e-02
2.296864e-02
1.970948e-02
1.558373e-02
1.073711e-02
5.631790e-03
1.797886e-03
-6.081542e-04
-1.905013e-03
-3.631940e-03
-5.271362e-03
-6.666939e-03
-7.769385e-03
-8.532231e-03
-8.922168e-03
-8.922168e-03
-8.532231e-03
-7.769385e-03
-6.666986e-03
-5.273209e-03
-3.648961e-03
-1.865242e-03
8.683484e-19
1.865242e-03
3.648961e-03
5.273209e-03
6.666986e-03
7.769385e-03
8.532231e-03
8.922168e-03
8.922168e-03
8.532231e-03
7.769385e-03
6.666939e-03
5.271362e-03
3.631940e-03
1.905013e-03
6.081542e-04
6.081542e-04
1.905013e-03
3.631940e-03
5.271362e-03
6.666939e-03
7.769385e-03
8.532231e-03
8.922168e-03
8.922168e-03
8.532231e-03
7.769385e-03
6.666986e-03
5.273209e-03
3.648961e-03
1.865242e-03
4.592848e-19
-1.865242e-03
-3.648961e-03
-5.273209e-03
-6.666986e-03
-7.769385e-03
-8.532231e-03
-8.922168e-03
-8.922168e-03
-8.532231e-03
-7.769385e-03
-6.666939e-03
-5.271362e-03
-3.631940e-03
-1.905013e-03
-6.081542e-04
1.797886e-03
5.631790e-03
1.073711e-02
1.558373e-02
1.970948e-02
2.296864e-02
2.522384e-02
2.637661e-02
2.637661e-02
2.522384e-02
2.296864e-02
1.970962e-02
1.558919e-02
1.078743e-02
5.514217e-03
6.593390e-19
-5.514217e-03
-1.078743e-02
-1.558919e-02
-1.970962e-02
-2.296864e-02
-2.522384e-02
-2.637661e-02
-2.637661e-02
-2.522384e-02
-2.296864e-02
-1.970948e-02
-1.558373e-02
-1.073711e-02
-5.631790e-03
-1.797886e-03
2.909040e-03
9.112424e-03
1.737300e-02
2.521499e-02
3.189059e-02
3.716402e-02
4.081301e-02
4.267823e-02
4.267823e-02
4.081301e-02
3.716402e-02
3.189081e-02
2.522383e-02
1.745441e-02
8.922186e-03
3.822345e-19
-8.922186e-03
-1.745441e-02
-2.522383e-02
-3.189081e-02
-3.716402e-02
-4.081301e-02
-4.267823e-02
-4.267823e-02
-4.081301e-02
-3.716402e-02
-3.189059e-02
-2.521499e-02
-1.737300e-02
-9.112424e-03
-2.909040e-03
3.892969e-03
1.219449e-02
2.324903e-02
3.374341e-02
4.267688e-02
4.973393e-02
5.461711e-02
5.711320e-02
5.711320e-02
5.461711e-02
4.973393e-02
4.267718e-02
3.375523e-02
2.335798e-02
1.193992e-02
-1.419659e-18
-1.193992e-02
-2.335798e-02
-3.375523e-02
-4.267718e-02
-4.973393e-02
-5.461711e-02
-5.711320e-02
-5.711320e-02
-5.461711e-02
-4.973393e-02
-4.267688e-02
-3.374341e-02
-2.324903e-02
-1.219449e-02
-3.892969e-03
4.701280e-03
1.472421e-02
2.807235e-02
4.074428e-02
5.153125e-02
6.005245e-02
6.594877e-02
6.896274e-02
6.896274e-02
6.594877e-02
6.005246e-02
5.153161e-02
4.075858e-02
2.820417e-02
1.441715e-02
5.481933e-18
-1.441715e-02
-2.820417e-02
-4.075858e-02
-5.153161e-02
-6.005246e-02
-6.594877e-02
-6.896274e-02
-6.896274e-02
-6.594877e-02
-6.005245e-02
-5.153125e-02
-4.074428e-02
-2.807235e-02
-1.472421e-02
-4.701280e-03
5.197514e-03
1.623456e-02
3.095937e-02
4.494121e-02
5.683987e-02
6.623893e-02
7.274268e-02
7.606714e-02
7.606714e-02
7.274268e-02
6.623893e-02
5.684028e-02
4.495745e-02
3.110970e-02
1.590237e-02
-2.772228e-18
-1.590237e-02
-3.110970e-02
-4.495745e-02
-5.684028e-02
-6.623893e-02
-7.274268e-02
-7.606714e-02
-7.606714e-02
-7.274268e-02
-6.623893e-02
-5.683987e-02
-4.494121e-02
-3.095937e-02
-1.623456e-02
-5.197514e-03
5.031519e-03
1.562270e-02
2.980849e-02
4.328490e-02
5.474625e-02
6.379913e-02
7.006333e-02
7.326534e-02
7.326534e-02
7.006333e-02
6.379914e-02
5.474667e-02
4.330152e-02
2.996383e-02
1.531664e-02
5.006603e-18
-1.531664e-02
-2.996383e-02
-4.330152e-02
-5.474667e-02
-6.379914e-02
-7.006333e-02
-7.326534e-02
-7.326534e-02
-7.006333e-02
-6.379913e-02
-5.474625e-02
-4.328490e-02
-2.980849e-02
-1.562270e-02
-5.031519e-03
3.691786e-03
1.175133e-02
2.237224e-02
3.244221e-02
4.102877e-02
4.781323e-02
5.250783e-02
5.490752e-02
5.490752e-02
5.250783e-02
4.781323e-02
4.102901e-02
3.245162e-02
2.245591e-02
1.147880e-02
-1.347919e-18
-1.147880e-02
-2.245591e-02
-3.245162e-02
-4.102901e-02
-4.781323e-02
-5.250783e-02
-5.490752e-02
-5.490752e-02
-5.250783e-02
-4.781323e-02
-4.102877e-02
-3.244221e-02
-2.237224e-02
-1.175133e-02
-3.691786e-03
4.052421e-18
9.139556e-03
2.691826e-02
3.890025e-02
4.918211e-02
5.731448e-02
6.294193e-02
6.581851e-02
6.581851e-02
6.294193e-02
5.731448e-02
4.918211e-02
3.890025e-02
2.691826e-02
1.375982e-02
0.000000e+00
-1.375982e-02
-2.691826e-02
-3.890025e-02
-4.918211e-02
-5.731448e-02
-6.294193e-02
-6.581851e-02
-6.581851e-02
-6.294193e-02
-5.731448e-02
-4.918211e-02
-3.890025e-02
-2.691826e-02
-1.375982e-02
-2.310130e-03
-7.927732e-18
-7.404142e-18
-6.556955e-18
-5.423198e-18
-4.052421e-18
-2.504534e-18
-8.471867e-19
8.471867e-19
2.504534e-18
4.052421e-18
5.423198e-18
6.556955e-18
7.404142e-18
7.927732e-18
8.104842e-18
7.927732e-18
7.404142e-18
6.556955e-18
5.423198e-18
4.052421e-18
2.504534e-18
8.471867e-19
-8.471867e-19
-2.504534e-18
-4.052421e-18
-5.423198e-18
-6.556955e-18
-7.404142e-18
-7.927732e-18
-2.310130e-03
-1.375982e-02
-2.691826e-02
-3.890025e-02
-4.918211e-02
-5.731448e-02
-6.294193e-02
-6.581851e-02
-6.581851e-02
-6.294193e-02
-5.731448e-02
-4.918211e-02
-3.890025e-02
-2.691826e-02
-1.375982e-02
0.000000e+00
1.375982e-02
2.691826e-02
3.890025e-02
4.918211e-02
5.731448e-02
6.294193e-02
6.581851e-02
6.581851e-02
6.294193e-02
5.731448e-02
4.918211e-02
3.890025e-02
2.691826e-02
1.375982e-02
2.310130e-03
7.927732e-18
7.404142e-18
6.556955e-18
5.423198e-18
4.052421e-18
2.504534e-18
8.471867e-19
-8.471867e-19
-2.504534e-18
-4.052421e-18
-5.423198e-18
-6.556955e-18
-7.404142e-18
-7.927732e-18
-8.104842e-18
-7.927732e-18
-7.404142e-18
-6.556955e-18
-5.423198e-18
-4.052421e-18
-2.504534e-18
-8.471867e-19
8.471867e-19
2.504534e-18
4.052421e-18
5.423198e-18
6.556955e-18
7.404142e-18
7.927732e-18
