121	 40
8.774818e-02
2.552337e-01
4.002974e-01
4.020834e-01
2.486284e-01
4.411412e-17
-2.486284e-01
-4.020834e-01
-4.002974e-01
-2.552337e-01
-8.774818e-02
9.383760e-02
2.648121e-01
4.164145e-01
4.191469e-01
2.592298e-01
-2.140195e-16
-2.592298e-01
-4.191469e-01
-4.164145e-01
-2.648121e-01
-9.383760e-02
3.932421e-02
1.113136e-01
1.749924e-01
1.761031e-01
1.089123e-01
-5.926835e-17
-1.089123e-01
-1.761031e-01
-1.749924e-01
-1.113136e-01
-3.932421e-02
-4.228606e-02
-1.208912e-01
-1.898842e-01
-1.909580e-01
-1.180919e-01
1.696034e-17
1.180919e-01
1.909580e-01
1.898842e-01
1.208912e-01
4.228606e-02
-1.103959e-01
-3.154882e-01
-4.955548e-01
-4.983704e-01
-3.082021e-01
-3.241107e-16
3.082021e-01
4.983704e-01
4.955548e-01
3.154882e-01
1.103959e-01
-1.364552e-01
-3.899595e-01
-6.125311e-01
-6.160113e-01
-3.809536e-01
2.886034e-17
3.809536e-01
6.160113e-01
6.125311e-01
3.899595e-01
1.364552e-01
-1.103959e-01
-3.154882e-01
-4.955548e-01
-4.983704e-01
-3.082021e-01
4.073381e-16
3.082021e-01
4.983704e-01
4.955548e-01
3.154882e-01
1.103959e-01
-4.228606e-02
-1.208912e-01
-1.898842e-01
-1.909580e-01
-1.180919e-01
1.059423e-17
1.180919e-01
1.909580e-01
1.898842e-01
1.208912e-01
4.228606e-02
3.932421e-02
1.113136e-01
1.749924e-01
1.761031e-01
1.089123e-01
7.854742e-20
-1.089123e-01
-1.761031e-01
-1.749924e-01
-1.113136e-01
-3.932421e-02
9.383760e-02
2.648121e-01
4.164145e-01
4.191469e-01
2.592298e-01
1.405463e-16
-2.592298e-01
-4.191469e-01
-4.164145e-01
-2.648121e-01
-9.383760e-02
8.774818e-02
2.552337e-01
4.002974e-01
4.020834e-01
2.486284e-01
-1.384118e-16
-2.486284e-01
-4.020834e-01
-4.002974e-01
-2.552337e-01
-8.774818e-02
1.146685e-17
7.088757e-02
1.781023e-01
1.781023e-01
1.100733e-01
-4.163336e-17
-1.100733e-01
-1.781023e-01
-1.781023e-01
-1.100733e-01
-1.959284e-02
-1.855375e-17
-7.086900e-18
7.086900e-18
1.855375e-17
2.293369e-17
1.855375e-17
7.086900e-18
-7.086900e-18
-1.855375e-17
-1.959284e-02
-1.100733e-01
-1.781023e-01
-1.781023e-01
-1.100733e-01
-4.163336e-17
1.100733e-01
1.781023e-01
1.781023e-01
1.100733e-01
1.959284e-02
1.855375e-17
7.086900e-18
-7.086900e-18
-1.855375e-17
-2.293369e-17
-1.855375e-17
-7.086900e-18
7.086900e-18
1.855375e-17
